1       1               1       1
2       01              2       2
3       11              3       3
4       001             4       4
5       101             5       5
6       011             6       6
7       111             7       7
8       0001            10      8
9       1001            11      9
10      0101            12      a
11      1101            13      b
12      0011            14      c
13      1011            15      d
14      0111            16      e
15      1111            17      f
16      00001           20      10
17      10001           21      11
18      01001           22      12
19      11001           23      13
20      00101           24      14
21      10101           25      15
22      01101           26      16
23      11101           27      17
24      00011           30      18
25      10011           31      19
26      01011           32      1a
27      11011           33      1b
28      00111           34      1c
29      10111           35      1d
30      01111           36      1e
31      11111           37      1f
32      000001          40      20
33      100001          41      21
34      010001          42      22
35      110001          43      23
36      001001          44      24
37      101001          45      25
38      011001          46      26
39      111001          47      27
40      000101          50      28
41      100101          51      29
42      010101          52      2a
43      110101          53      2b
44      001101          54      2c
45      101101          55      2d
46      011101          56      2e
47      111101          57      2f
48      000011          60      30
49      100011          61      31
50      010011          62      32
51      110011          63      33
52      001011          64      34
53      101011          65      35
54      011011          66      36
55      111011          67      37
56      000111          70      38
57      100111          71      39
58      010111          72      3a
59      110111          73      3b
60      001111          74      3c
61      101111          75      3d
62      011111          76      3e
63      111111          77      3f
64      0000001         100     40
65      1000001         101     41
66      0100001         102     42
67      1100001         103     43
68      0010001         104     44
69      1010001         105     45
70      0110001         106     46
71      1110001         107     47
72      0001001         110     48
73      1001001         111     49
74      0101001         112     4a
75      1101001         113     4b
76      0011001         114     4c
77      1011001         115     4d
78      0111001         116     4e
79      1111001         117     4f
80      0000101         120     50
81      1000101         121     51
82      0100101         122     52
83      1100101         123     53
84      0010101         124     54
85      1010101         125     55
86      0110101         126     56
87      1110101         127     57
88      0001101         130     58
89      1001101         131     59
90      0101101         132     5a
91      1101101         133     5b
92      0011101         134     5c
93      1011101         135     5d
94      0111101         136     5e
95      1111101         137     5f
96      0000011         140     60
97      1000011         141     61
98      0100011         142     62
99      1100011         143     63
100     0010011         144     64
101     1010011         145     65
102     0110011         146     66
103     1110011         147     67
104     0001011         150     68
105     1001011         151     69
106     0101011         152     6a
107     1101011         153     6b
108     0011011         154     6c
109     1011011         155     6d
110     0111011         156     6e
111     1111011         157     6f
112     0000111         160     70
113     1000111         161     71
114     0100111         162     72
115     1100111         163     73
116     0010111         164     74
117     1010111         165     75
118     0110111         166     76
119     1110111         167     77
120     0001111         170     78
121     1001111         171     79
122     0101111         172     7a
123     1101111         173     7b
124     0011111         174     7c
125     1011111         175     7d
126     0111111         176     7e
127     1111111         177     7f
128     00000001        200     80
129     10000001        201     81
130     01000001        202     82
131     11000001        203     83
132     00100001        204     84
133     10100001        205     85
134     01100001        206     86
135     11100001        207     87
136     00010001        210     88
137     10010001        211     89
138     01010001        212     8a
139     11010001        213     8b
140     00110001        214     8c
141     10110001        215     8d
142     01110001        216     8e
143     11110001        217     8f
144     00001001        220     90
145     10001001        221     91
146     01001001        222     92
147     11001001        223     93
148     00101001        224     94
149     10101001        225     95
150     01101001        226     96
151     11101001        227     97
152     00011001        230     98
153     10011001        231     99
154     01011001        232     9a
155     11011001        233     9b
156     00111001        234     9c
157     10111001        235     9d
158     01111001        236     9e
159     11111001        237     9f
160     00000101        240     a0
161     10000101        241     a1
162     01000101        242     a2
163     11000101        243     a3
164     00100101        244     a4
165     10100101        245     a5
166     01100101        246     a6
167     11100101        247     a7
168     00010101        250     a8
169     10010101        251     a9
170     01010101        252     aa
171     11010101        253     ab
172     00110101        254     ac
173     10110101        255     ad
174     01110101        256     ae
175     11110101        257     af
176     00001101        260     b0
177     10001101        261     b1
178     01001101        262     b2
179     11001101        263     b3
180     00101101        264     b4
181     10101101        265     b5
182     01101101        266     b6
183     11101101        267     b7
184     00011101        270     b8
185     10011101        271     b9
186     01011101        272     ba
187     11011101        273     bb
188     00111101        274     bc
189     10111101        275     bd
190     01111101        276     be
191     11111101        277     bf
192     00000011        300     c0
193     10000011        301     c1
194     01000011        302     c2
195     11000011        303     c3
196     00100011        304     c4
197     10100011        305     c5
198     01100011        306     c6
199     11100011        307     c7
200     00010011        310     c8
201     10010011        311     c9
202     01010011        312     ca
203     11010011        313     cb
204     00110011        314     cc
205     10110011        315     cd
206     01110011        316     ce
207     11110011        317     cf
208     00001011        320     d0
209     10001011        321     d1
210     01001011        322     d2
211     11001011        323     d3
212     00101011        324     d4
213     10101011        325     d5
214     01101011        326     d6
215     11101011        327     d7
216     00011011        330     d8
217     10011011        331     d9
218     01011011        332     da
219     11011011        333     db
220     00111011        334     dc
221     10111011        335     dd
222     01111011        336     de
223     11111011        337     df
224     00000111        340     e0
225     10000111        341     e1
226     01000111        342     e2
227     11000111        343     e3
228     00100111        344     e4
229     10100111        345     e5
230     01100111        346     e6
231     11100111        347     e7
232     00010111        350     e8
233     10010111        351     e9
234     01010111        352     ea
235     11010111        353     eb
236     00110111        354     ec
237     10110111        355     ed
238     01110111        356     ee
239     11110111        357     ef
240     00001111        360     f0
241     10001111        361     f1
242     01001111        362     f2
243     11001111        363     f3
244     00101111        364     f4
245     10101111        365     f5
246     01101111        366     f6
247     11101111        367     f7
248     00011111        370     f8
249     10011111        371     f9
250     01011111        372     fa
251     11011111        373     fb
252     00111111        374     fc
253     10111111        375     fd
254     01111111        376     fe
255     11111111        377     ff
256     000000001       400     100
257     100000001       401     101
258     010000001       402     102
259     110000001       403     103
260     001000001       404     104
261     101000001       405     105
262     011000001       406     106
263     111000001       407     107
264     000100001       410     108
265     100100001       411     109
266     010100001       412     10a
267     110100001       413     10b
268     001100001       414     10c
269     101100001       415     10d
270     011100001       416     10e
271     111100001       417     10f
272     000010001       420     110
273     100010001       421     111
274     010010001       422     112
275     110010001       423     113
276     001010001       424     114
277     101010001       425     115
278     011010001       426     116
279     111010001       427     117
280     000110001       430     118
281     100110001       431     119
282     010110001       432     11a
283     110110001       433     11b
284     001110001       434     11c
285     101110001       435     11d
286     011110001       436     11e
287     111110001       437     11f
288     000001001       440     120
289     100001001       441     121
290     010001001       442     122
291     110001001       443     123
292     001001001       444     124
293     101001001       445     125
294     011001001       446     126
295     111001001       447     127
296     000101001       450     128
297     100101001       451     129
298     010101001       452     12a
299     110101001       453     12b
300     001101001       454     12c
301     101101001       455     12d
302     011101001       456     12e
303     111101001       457     12f
304     000011001       460     130
305     100011001       461     131
306     010011001       462     132
307     110011001       463     133
308     001011001       464     134
309     101011001       465     135
310     011011001       466     136
311     111011001       467     137
312     000111001       470     138
313     100111001       471     139
314     010111001       472     13a
315     110111001       473     13b
316     001111001       474     13c
317     101111001       475     13d
318     011111001       476     13e
319     111111001       477     13f
320     000000101       500     140
321     100000101       501     141
322     010000101       502     142
323     110000101       503     143
324     001000101       504     144
325     101000101       505     145
326     011000101       506     146
327     111000101       507     147
328     000100101       510     148
329     100100101       511     149
330     010100101       512     14a
331     110100101       513     14b
332     001100101       514     14c
333     101100101       515     14d
334     011100101       516     14e
335     111100101       517     14f
336     000010101       520     150
337     100010101       521     151
338     010010101       522     152
339     110010101       523     153
340     001010101       524     154
341     101010101       525     155
342     011010101       526     156
343     111010101       527     157
344     000110101       530     158
345     100110101       531     159
346     010110101       532     15a
347     110110101       533     15b
348     001110101       534     15c
349     101110101       535     15d
350     011110101       536     15e
351     111110101       537     15f
352     000001101       540     160
353     100001101       541     161
354     010001101       542     162
355     110001101       543     163
356     001001101       544     164
357     101001101       545     165
358     011001101       546     166
359     111001101       547     167
360     000101101       550     168
361     100101101       551     169
362     010101101       552     16a
363     110101101       553     16b
364     001101101       554     16c
365     101101101       555     16d
366     011101101       556     16e
367     111101101       557     16f
368     000011101       560     170
369     100011101       561     171
370     010011101       562     172
371     110011101       563     173
372     001011101       564     174
373     101011101       565     175
374     011011101       566     176
375     111011101       567     177
376     000111101       570     178
377     100111101       571     179
378     010111101       572     17a
379     110111101       573     17b
380     001111101       574     17c
381     101111101       575     17d
382     011111101       576     17e
383     111111101       577     17f
384     000000011       600     180
385     100000011       601     181
386     010000011       602     182
387     110000011       603     183
388     001000011       604     184
389     101000011       605     185
390     011000011       606     186
391     111000011       607     187
392     000100011       610     188
393     100100011       611     189
394     010100011       612     18a
395     110100011       613     18b
396     001100011       614     18c
397     101100011       615     18d
398     011100011       616     18e
399     111100011       617     18f
400     000010011       620     190
401     100010011       621     191
402     010010011       622     192
403     110010011       623     193
404     001010011       624     194
405     101010011       625     195
406     011010011       626     196
407     111010011       627     197
408     000110011       630     198
409     100110011       631     199
410     010110011       632     19a
411     110110011       633     19b
412     001110011       634     19c
413     101110011       635     19d
414     011110011       636     19e
415     111110011       637     19f
416     000001011       640     1a0
417     100001011       641     1a1
418     010001011       642     1a2
419     110001011       643     1a3
420     001001011       644     1a4
421     101001011       645     1a5
422     011001011       646     1a6
423     111001011       647     1a7
424     000101011       650     1a8
425     100101011       651     1a9
426     010101011       652     1aa
427     110101011       653     1ab
428     001101011       654     1ac
429     101101011       655     1ad
430     011101011       656     1ae
431     111101011       657     1af
432     000011011       660     1b0
433     100011011       661     1b1
434     010011011       662     1b2
435     110011011       663     1b3
436     001011011       664     1b4
437     101011011       665     1b5
438     011011011       666     1b6
439     111011011       667     1b7
440     000111011       670     1b8
441     100111011       671     1b9
442     010111011       672     1ba
443     110111011       673     1bb
444     001111011       674     1bc
445     101111011       675     1bd
446     011111011       676     1be
447     111111011       677     1bf
448     000000111       700     1c0
449     100000111       701     1c1
450     010000111       702     1c2
451     110000111       703     1c3
452     001000111       704     1c4
453     101000111       705     1c5
454     011000111       706     1c6
455     111000111       707     1c7
456     000100111       710     1c8
457     100100111       711     1c9
458     010100111       712     1ca
459     110100111       713     1cb
460     001100111       714     1cc
461     101100111       715     1cd
462     011100111       716     1ce
463     111100111       717     1cf
464     000010111       720     1d0
465     100010111       721     1d1
466     010010111       722     1d2
467     110010111       723     1d3
468     001010111       724     1d4
469     101010111       725     1d5
470     011010111       726     1d6
471     111010111       727     1d7
472     000110111       730     1d8
473     100110111       731     1d9
474     010110111       732     1da
475     110110111       733     1db
476     001110111       734     1dc
477     101110111       735     1dd
478     011110111       736     1de
479     111110111       737     1df
480     000001111       740     1e0
481     100001111       741     1e1
482     010001111       742     1e2
483     110001111       743     1e3
484     001001111       744     1e4
485     101001111       745     1e5
486     011001111       746     1e6
487     111001111       747     1e7
488     000101111       750     1e8
489     100101111       751     1e9
490     010101111       752     1ea
491     110101111       753     1eb
492     001101111       754     1ec
493     101101111       755     1ed
494     011101111       756     1ee
495     111101111       757     1ef
496     000011111       760     1f0
497     100011111       761     1f1
498     010011111       762     1f2
499     110011111       763     1f3
500     001011111       764     1f4
501     101011111       765     1f5
502     011011111       766     1f6
503     111011111       767     1f7
504     000111111       770     1f8
505     100111111       771     1f9
506     010111111       772     1fa
507     110111111       773     1fb
508     001111111       774     1fc
509     101111111       775     1fd
510     011111111       776     1fe
511     111111111       777     1ff
512     0000000001      1000    200
513     1000000001      1001    201
514     0100000001      1002    202
515     1100000001      1003    203
516     0010000001      1004    204
517     1010000001      1005    205
518     0110000001      1006    206
519     1110000001      1007    207
520     0001000001      1010    208
521     1001000001      1011    209
522     0101000001      1012    20a
523     1101000001      1013    20b
524     0011000001      1014    20c
525     1011000001      1015    20d
526     0111000001      1016    20e
527     1111000001      1017    20f
528     0000100001      1020    210
529     1000100001      1021    211
530     0100100001      1022    212
531     1100100001      1023    213
532     0010100001      1024    214
533     1010100001      1025    215
534     0110100001      1026    216
535     1110100001      1027    217
536     0001100001      1030    218
537     1001100001      1031    219
538     0101100001      1032    21a
539     1101100001      1033    21b
540     0011100001      1034    21c
541     1011100001      1035    21d
542     0111100001      1036    21e
543     1111100001      1037    21f
544     0000010001      1040    220
545     1000010001      1041    221
546     0100010001      1042    222
547     1100010001      1043    223
548     0010010001      1044    224
549     1010010001      1045    225
550     0110010001      1046    226
551     1110010001      1047    227
552     0001010001      1050    228
553     1001010001      1051    229
554     0101010001      1052    22a
555     1101010001      1053    22b
556     0011010001      1054    22c
557     1011010001      1055    22d
558     0111010001      1056    22e
559     1111010001      1057    22f
560     0000110001      1060    230
561     1000110001      1061    231
562     0100110001      1062    232
563     1100110001      1063    233
564     0010110001      1064    234
565     1010110001      1065    235
566     0110110001      1066    236
567     1110110001      1067    237
568     0001110001      1070    238
569     1001110001      1071    239
570     0101110001      1072    23a
571     1101110001      1073    23b
572     0011110001      1074    23c
573     1011110001      1075    23d
574     0111110001      1076    23e
575     1111110001      1077    23f
576     0000001001      1100    240
577     1000001001      1101    241
578     0100001001      1102    242
579     1100001001      1103    243
580     0010001001      1104    244
581     1010001001      1105    245
582     0110001001      1106    246
583     1110001001      1107    247
584     0001001001      1110    248
585     1001001001      1111    249
586     0101001001      1112    24a
587     1101001001      1113    24b
588     0011001001      1114    24c
589     1011001001      1115    24d
590     0111001001      1116    24e
591     1111001001      1117    24f
592     0000101001      1120    250
593     1000101001      1121    251
594     0100101001      1122    252
595     1100101001      1123    253
596     0010101001      1124    254
597     1010101001      1125    255
598     0110101001      1126    256
599     1110101001      1127    257
600     0001101001      1130    258